    [2, 1, 1, 1, 1, 1, 1, 1, 1, 1, 1, 1, 1, 1, 1, 1, 5],
    [8, 0, 1, 0, 0, 0, 1, 0, 0, 0, 1, 0, 0, 0, 0, 0, 7],
    [6, 0, 0, 0, 1, 0, 1, 0, 1, 0, 1, 0, 1, 0, 1, 0, 7],
    [6, 1, 1, 1, 0, 0, 1, 0, 1, 0, 0, 0, 1, 0, 1, 0, 7],
    [6, 0, 0, 1, 0, 1, 1, 0, 1, 1, 1, 0, 1, 1, 0, 0, 7],
    [6, 1, 0, 0, 0, 0, 1, 0, 0, 0, 0, 1, 1, 0, 0, 1, 7],
    [6, 0, 0, 1, 1, 0, 0, 0, 1, 1, 0, 0, 1, 1, 0, 0, 7],
    [6, 0, 1, 0, 1, 0, 1, 0, 1, 0, 1, 0, 0, 1, 1, 0, 9],
    [6, 0, 0, 0, 1, 0, 1, 0, 0, 0, 1, 1, 0, 0, 0, 1, 7],
    [3, 1, 1, 1, 1, 1, 1, 1, 1, 1, 1, 1, 1, 1, 1, 1, 4]]

    [1, 1, 1, 1, 1, 1, 1, 1, 1, 1, 1, 1, 1, 1, 1, 1, 1],
    [8, 0, 1, 0, 0, 0, 1, 0, 0, 0, 1, 0, 0, 0, 0, 0, 1],
    [1, 0, 0, 0, 1, 0, 1, 0, 1, 0, 1, 0, 1, 0, 1, 0, 1],
    [1, 1, 1, 1, 0, 0, 1, 0, 1, 0, 0, 0, 1, 0, 1, 0, 1],
    [1, 0, 0, 1, 0, 1, 1, 0, 1, 1, 1, 0, 1, 1, 0, 0, 1],
    [1, 1, 0, 0, 0, 0, 1, 0, 0, 0, 0, 1, 1, 0, 0, 1, 1],
    [1, 0, 0, 1, 1, 0, 0, 0, 1, 1, 0, 0, 1, 1, 0, 0, 1],
    [1, 0, 1, 0, 1, 0, 1, 0, 1, 0, 1, 0, 0, 1, 1, 0, 9],
    [1, 0, 0, 0, 1, 0, 1, 0, 0, 0, 1, 1, 0, 0, 0, 1, 1],
    [1, 1, 1, 1, 1, 1, 1, 1, 1, 1, 1, 1, 1, 1, 1, 1, 1]]

    GRID = [
    [2, 1, 1, 1, 1, 1, 1, 1, 1, 1, 1, 1, 1, 1, 1, 1, 5],
    [8, 0, 'M', 0, 0, 0, 'M', 0, 0, 0, 'M', 0, 0, 0, 0, 0, 7],
    [6, 0, 0, 0, 'M', 0, 'M', 0, 'M', 0, 'M', 0, 'M', 0, 'M', 0, 7],
    [6, 'M', 'M', 'M', 0, 0, 'M', 0, 'M', 0, 0, 0, 'M', 0, 'M', 0, 7],
    [6, 0, 0, 'M', 0, 'M', 'M', 0, 'M', 'M', 'M', 0, 'M', 'M', 0, 0, 7],
    [6, 'M', 0, 0, 0, 0, 'M', 0, 0, 0, 0, 'M', 'M', 0, 0, 'M', 7],
    [6, 0, 0, 'M', 'M', 0, 0, 0, 'M', 'M', 0, 0, 'M', 'M', 0, 0, 7],
    [6, 0, 'M', 0, 'M', 0, 'M', 0, 'M', 0, 'M', 0, 0, 'M', 'M', 0, 9],
    [6, 0, 0, 0, 'M', 0, 'M', 0, 0, 0, 'M', 'M', 0, 0, 0, 'M', 7],
    [3, 'X', 'X', 'X', 'X', 'X', 'X', 'X', 'X', 'X', 'X', 'X', 'X', 'X', 'X', 'X', 4]]

POSSIBLE_POSITION = []

for INDEX_RAW, RAW in enumerate(GRID):
    for INDEX_COL, COL in enumerate(GRID[INDEX_RAW]):
        CASE_VALUE = GRID[INDEX_RAW][INDEX_COL]
        if CASE_VALUE == 0:
            POSSIBLE_POSITION.append([INDEX_RAW, INDEX_COL])
	
print((POSSIBLE_POSITION))

random_position = random.choice(POSSIBLE_POSITION)
print("the random position is :", random_position)